tcp,smtp,SF,0,84,0,0,0,0,0,1,0,0,0,0,0,0,0,0,0,0,1,1,0.0,0.0,0.0,0.0,1.0,0.0,0.0,6,64,0.17,1.0,0.17,0.05,0.0,0.0,0.83,0.02,ipsweep,1
tcp,telnet,SF,142,1278,0,0,0,0,0,1,0,0,0,0,1,0,0,0,0,0,1,1,0.0,0.0,0.0,0.0,1.0,0.0,0.0,5,3,0.6,0.6,0.2,0.0,0.0,0.0,0.0,0.0,loadmodule,1
udp,other,SF,4,0,0,0,0,0,0,0,0,0,0,0,0,0,0,0,0,0,2,2,0.0,0.0,0.0,0.0,1.0,0.0,0.0,2,2,1.0,0.0,0.5,0.0,0.0,0.0,0.0,0.0,rootkit,1
tcp,http,SF,174,2354,0,0,0,0,0,1,0,0,0,0,0,0,0,0,0,0,1,1,0.0,0.0,0.0,0.0,1.0,0.0,0.0,37,255,1.0,0.0,0.03,0.03,0.0,0.0,0.0,0.0,normal,21
icmp,ecr_i,SF,18,0,0,0,0,0,0,0,0,0,0,0,0,0,0,0,0,0,1,1,0.0,0.0,0.0,0.0,1.0,0.0,0.0,11,11,1.0,0.0,1.0,0.0,0.0,0.0,0.0,0.0,ipsweep,1
tcp,name,S0,0,0,0,0,0,0,0,0,0,0,0,0,0,0,0,0,0,0,102,25,1.0,1.0,0.0,0.0,0.25,0.07,0.0,255,25,0.1,0.06,0.0,0.0,1.0,1.0,0.0,0.0,neptune,18
tcp,smtp,OTH,0,0,0,0,0,0,0,0,0,0,0,0,0,0,0,0,0,0,1,1,0.0,0.0,0.0,0.0,1.0,0.0,0.0,73,151,0.23,0.36,0.34,0.02,0.08,0.03,0.32,0.0,portsweep,1
tcp,private,REJ,0,0,0,0,0,0,0,0,0,0,0,0,0,0,0,0,0,0,134,12,0.0,0.0,1.0,1.0,0.09,0.06,0.0,255,9,0.04,0.06,0.0,0.0,0.0,0.0,1.0,1.0,neptune,21
udp,domain_u,SF,45,128,0,0,0,0,0,0,0,0,0,0,0,0,0,0,0,0,269,268,0.0,0.0,0.0,0.0,1.0,0.01,0.0,232,199,0.86,0.01,0.0,0.0,0.0,0.0,0.0,0.0,normal,18
icmp,ecr_i,SF,18,0,0,0,0,0,0,0,0,0,0,0,0,0,0,0,0,0,1,1,0.0,0.0,0.0,0.0,1.0,0.0,0.0,9,9,1.0,0.0,1.0,0.0,0.0,0.0,0.0,0.0,ipsweep,1
tcp,finger,SF,0,0,0,0,0,0,0,0,0,0,0,0,0,0,0,0,0,0,1,1,0.0,0.0,0.0,0.0,1.0,0.0,0.0,60,8,0.02,1.0,0.02,0.38,0.0,0.0,0.92,0.0,ipsweep,1
tcp,vmnet,REJ,0,0,0,0,0,0,0,0,0,0,0,0,0,0,0,0,0,0,276,10,0.0,0.0,1.0,1.0,0.04,0.06,0.0,255,10,0.04,0.07,0.0,0.0,0.0,0.0,1.0,1.0,neptune,20
tcp,other,SF,5135678,0,0,0,0,3,0,1,0,0,0,0,0,0,0,0,0,0,1,1,0.0,0.0,0.0,0.0,1.0,0.0,0.0,255,1,0.0,0.08,0.32,0.0,0.01,0.0,0.0,0.0,warezclient,1
tcp,http,SF,295,1158,0,0,0,0,0,1,0,0,0,0,0,0,0,0,0,0,9,11,0.0,0.0,0.0,0.0,1.0,0.0,0.18,97,255,1.0,0.0,0.01,0.05,0.0,0.0,0.0,0.0,normal,21
tcp,ftp_data,SF,334,0,0,0,0,0,0,1,0,0,0,0,0,0,0,0,0,0,2,2,0.0,0.0,0.0,0.0,1.0,0.0,0.0,6,38,0.67,0.33,0.67,0.16,0.0,0.0,0.0,0.0,warezclient,1
tcp,klogin,S0,0,0,0,0,0,0,0,0,0,0,0,0,0,0,0,0,0,0,143,14,1.0,1.0,0.0,0.0,0.1,0.06,0.0,255,14,0.05,0.06,0.0,0.0,1.0,1.0,0.0,0.0,neptune,21
icmp,ecr_i,SF,18,0,0,0,0,0,0,0,0,0,0,0,0,0,0,0,0,0,1,1,0.0,0.0,0.0,0.0,1.0,0.0,0.0,10,10,1.0,0.0,1.0,0.0,0.0,0.0,0.0,0.0,ipsweep,1
tcp,smtp,SF,1122,329,0,0,0,0,0,1,0,0,0,0,0,0,0,0,0,0,7,1,0.0,0.0,0.0,0.0,0.14,0.57,0.0,255,15,0.06,0.43,0.0,0.0,0.0,0.0,0.0,0.0,normal,20
tcp,finger,SF,0,0,0,0,0,0,0,0,0,0,0,0,0,0,0,0,0,0,1,1,0.0,0.0,0.0,0.0,1.0,0.0,0.0,60,4,0.02,1.0,0.02,0.5,0.0,0.0,0.9,0.0,ipsweep,1
tcp,ftp_data,SF,36530,0,0,0,0,0,0,1,0,0,0,0,0,0,0,0,0,0,1,1,0.0,0.0,0.0,0.0,1.0,0.0,0.0,255,69,0.27,0.02,0.04,0.0,0.93,0.87,0.0,0.0,normal,14
tcp,smtp,SF,1180,489,0,0,0,0,0,1,0,0,0,0,0,0,0,0,0,0,1,1,0.0,0.0,0.0,0.0,1.0,0.0,0.0,255,10,0.04,0.47,0.0,0.0,0.0,0.0,0.95,0.2,portsweep,1
tcp,other,REJ,0,0,0,0,0,0,0,0,0,0,0,0,0,0,0,0,0,0,511,1,0.09,0.0,0.91,1.0,0.0,1.0,0.0,255,1,0.0,1.0,0.0,0.0,0.07,0.0,0.93,1.0,satan,20
tcp,ftp_data,SF,334,0,0,0,0,0,0,1,0,0,0,0,0,0,0,0,0,0,1,1,0.0,0.0,0.0,0.0,1.0,0.0,0.0,13,42,0.85,0.15,0.85,0.12,0.0,0.0,0.0,0.0,warezclient,1
icmp,ecr_i,SF,18,0,0,0,0,0,0,0,0,0,0,0,0,0,0,0,0,0,1,1,0.0,0.0,0.0,0.0,1.0,0.0,0.0,14,14,1.0,0.0,1.0,0.0,0.0,0.0,0.0,0.0,ipsweep,1
tcp,finger,SF,6,32,0,0,0,0,0,0,0,0,0,0,0,0,0,0,0,0,4,3,0.0,0.0,0.0,0.0,0.75,0.5,0.0,255,3,0.01,0.02,0.0,0.0,0.0,0.0,0.0,0.0,satan,1
icmp,urp_i,SF,181,0,0,0,0,0,0,0,0,0,0,0,0,0,0,0,0,0,3,1,0.0,0.0,0.0,0.0,0.33,1.0,0.0,255,13,0.05,0.01,0.06,0.0,0.0,0.0,0.0,0.0,normal,19
tcp,ftp_data,SF,334,0,0,0,0,0,0,1,0,0,0,0,0,0,0,0,0,0,2,2,0.0,0.0,0.0,0.0,1.0,0.0,0.0,8,38,0.75,0.25,0.75,0.16,0.0,0.0,0.0,0.0,warezclient,1
tcp,smtp,SF,0,85,0,0,0,0,0,1,0,0,0,0,0,0,0,0,0,0,1,1,0.0,0.0,0.0,0.0,1.0,0.0,0.0,6,99,0.17,1.0,0.17,0.03,0.0,0.0,0.83,0.02,ipsweep,1
tcp,telnet,SF,621,8356,0,0,1,1,0,1,5,1,0,14,1,0,0,0,0,0,1,1,0.0,0.0,0.0,0.0,1.0,0.0,0.0,255,4,0.02,0.02,0.0,0.0,0.0,0.0,0.0,0.0,rootkit,1
tcp,smtp,SF,579,333,0,0,0,0,0,1,0,0,0,0,0,0,0,0,0,0,1,1,0.0,0.0,0.0,0.0,1.0,0.0,0.0,26,137,0.69,0.19,0.04,0.01,0.0,0.0,0.0,0.0,normal,21
tcp,http,SF,266,9895,0,0,0,0,0,1,0,0,0,0,0,0,0,0,0,0,10,10,0.0,0.0,0.0,0.0,1.0,0.0,0.0,255,255,1.0,0.0,0.0,0.0,0.0,0.0,0.0,0.0,normal,21
tcp,http,REJ,0,0,0,0,0,0,0,0,0,0,0,0,0,0,0,0,0,0,1,3,0.0,0.0,1.0,1.0,1.0,0.0,1.0,111,215,1.0,0.0,0.01,0.03,0.0,0.0,1.0,1.0,normal,21
tcp,hostnames,S0,0,0,0,0,0,0,0,0,0,0,0,0,0,0,0,0,0,0,243,6,1.0,1.0,0.0,0.0,0.02,0.06,0.0,255,6,0.02,0.07,0.0,0.0,1.0,1.0,0.0,0.0,neptune,20
tcp,ftp_data,SF,334,0,0,0,0,0,0,1,0,0,0,0,0,0,0,0,0,0,1,1,0.0,0.0,0.0,0.0,1.0,0.0,0.0,9,38,0.78,0.22,0.78,0.13,0.0,0.0,0.0,0.0,warezclient,1
icmp,eco_i,SF,8,0,0,0,0,0,0,0,0,0,0,0,0,0,0,0,0,0,1,22,0.0,0.0,0.0,0.0,1.0,0.0,1.0,1,137,1.0,0.0,1.0,0.26,0.0,0.0,0.0,0.0,nmap,15
tcp,finger,SF,0,0,0,0,0,0,0,0,0,0,0,0,0,0,0,0,0,0,1,1,0.0,0.0,0.0,0.0,1.0,0.0,0.0,60,5,0.02,1.0,0.02,0.4,0.0,0.0,0.92,0.0,ipsweep,1
tcp,telnet,SF,260,2635,0,0,0,0,0,1,0,1,0,2,2,1,0,0,0,0,1,1,0.0,0.0,0.0,0.0,1.0,0.0,0.0,255,1,0.0,0.01,0.0,0.0,0.0,0.0,0.0,0.0,perl,1
tcp,private,S0,0,0,0,0,0,0,0,0,0,0,0,0,0,0,0,0,0,0,290,12,1.0,1.0,0.0,0.0,0.04,0.06,0.0,255,11,0.04,0.06,0.0,0.0,1.0,1.0,0.0,0.0,neptune,21
udp,domain_u,SF,43,133,0,0,0,0,0,0,0,0,0,0,0,0,0,0,0,0,138,137,0.0,0.0,0.0,0.0,0.99,0.01,0.0,255,254,1.0,0.01,0.0,0.0,0.0,0.0,0.0,0.0,normal,18
tcp,smtp,SF,0,82,0,0,0,0,0,1,0,0,0,0,0,0,0,0,0,0,1,1,0.0,0.0,0.0,0.0,1.0,0.0,0.0,6,79,0.17,1.0,0.17,0.04,0.0,0.01,0.67,0.03,ipsweep,1
tcp,gopher,S0,0,0,0,0,0,0,0,0,0,0,0,0,0,0,0,0,0,0,281,11,1.0,1.0,0.0,0.0,0.04,0.06,0.0,255,11,0.04,0.06,0.0,0.0,1.0,1.0,0.0,0.0,neptune,20
tcp,telnet,SF,1587,6707,0,0,0,1,0,1,3,0,0,1,1,0,0,0,0,0,1,1,0.0,0.0,0.0,0.0,1.0,0.0,0.0,1,1,1.0,0.0,1.0,0.0,0.0,0.0,0.0,0.0,buffer_overflow,1
tcp,telnet,SF,135,1290,0,0,0,0,0,1,0,0,0,0,0,0,0,0,0,0,1,1,0.0,0.0,0.0,0.0,1.0,0.0,0.0,6,4,0.67,0.5,0.17,0.0,0.0,0.0,0.0,0.0,loadmodule,1
tcp,finger,SF,0,0,0,0,0,0,0,0,0,0,0,0,0,0,0,0,0,0,1,1,0.0,0.0,0.0,0.0,1.0,0.0,0.0,60,7,0.02,1.0,0.02,0.29,0.0,0.0,0.92,0.0,ipsweep,1
tcp,private,S0,0,0,0,0,0,0,0,0,0,0,0,0,0,0,0,0,0,0,213,3,1.0,1.0,0.0,0.0,0.01,0.07,0.0,255,18,0.07,0.07,0.0,0.0,1.0,1.0,0.0,0.0,neptune,21
tcp,finger,SF,0,0,0,0,0,0,0,0,0,0,0,0,0,0,0,0,0,0,1,1,0.0,0.0,0.0,0.0,1.0,0.0,0.0,60,3,0.02,1.0,0.02,0.67,0.0,0.0,0.9,0.0,ipsweep,1
tcp,http,SF,207,288,0,0,0,0,0,1,0,0,0,0,0,0,0,0,0,0,16,16,0.0,0.0,0.0,0.0,1.0,0.0,0.0,140,255,1.0,0.0,0.01,0.03,0.0,0.0,0.0,0.0,normal,21
tcp,other,SF,5135678,0,0,0,0,2,0,1,0,0,0,0,0,0,0,0,0,0,1,1,0.0,0.0,0.0,0.0,1.0,0.0,0.0,7,1,0.14,0.29,1.0,0.0,0.0,0.0,0.0,0.0,warezclient,1
icmp,ecr_i,SF,520,0,0,0,0,0,0,0,0,0,0,0,0,0,0,0,0,0,478,478,0.0,0.0,0.0,0.0,1.0,0.0,0.0,132,132,1.0,0.0,1.0,0.0,0.0,0.0,0.0,0.0,smurf,18
tcp,http,SF,218,1337,0,0,0,0,0,1,0,0,0,0,0,0,0,0,0,0,6,6,0.0,0.0,0.0,0.0,1.0,0.0,0.0,27,27,1.0,0.0,0.04,0.0,0.0,0.0,0.0,0.0,normal,21
tcp,time,SF,0,4,0,0,0,0,0,0,0,0,0,0,0,0,0,0,0,0,1,1,0.0,0.0,0.0,0.0,1.0,0.0,0.0,18,1,0.06,1.0,0.06,0.0,0.0,0.0,0.83,0.0,ipsweep,1
tcp,private,S0,0,0,0,0,0,0,0,0,0,0,0,0,0,0,0,0,0,0,209,11,1.0,1.0,0.0,0.0,0.05,0.07,0.0,255,11,0.04,0.07,0.0,0.0,1.0,1.0,0.0,0.0,neptune,21
tcp,http,SF,221,1279,0,0,0,0,0,1,0,0,0,0,0,0,0,0,0,0,29,29,0.0,0.0,0.0,0.0,1.0,0.0,0.0,255,255,1.0,0.0,0.0,0.0,0.0,0.0,0.0,0.0,normal,21
tcp,smtp,SF,0,82,0,0,0,0,0,1,0,0,0,0,0,0,0,0,0,0,1,1,0.0,0.0,0.0,0.0,1.0,0.0,0.0,6,107,0.17,1.0,0.17,0.03,0.0,0.0,0.5,0.06,ipsweep,1
tcp,ftp_data,SF,334,0,0,0,0,0,0,1,0,0,0,0,0,0,0,0,0,0,2,2,0.0,0.0,0.0,0.0,1.0,0.0,0.0,26,2,0.08,0.08,0.08,0.0,0.0,0.0,0.0,0.0,warezclient,1
tcp,finger,SF,0,0,0,0,0,0,0,0,0,0,0,0,0,0,0,0,0,0,1,1,0.0,0.0,0.0,0.0,1.0,0.0,0.0,60,7,0.02,1.0,0.02,0.29,0.0,0.0,0.92,0.0,ipsweep,1
tcp,finger,SF,0,0,0,0,0,0,0,0,0,0,0,0,0,0,0,0,0,0,1,1,0.0,0.0,0.0,0.0,1.0,0.0,0.0,60,8,0.02,1.0,0.02,0.25,0.0,0.0,0.95,0.0,ipsweep,1
tcp,http,SF,231,2698,0,0,0,0,0,1,0,0,0,0,0,0,1,0,0,0,5,5,0.0,0.0,0.0,0.0,1.0,0.0,0.0,255,249,0.98,0.01,0.0,0.0,0.0,0.0,0.0,0.0,normal,21
tcp,finger,SF,6,25,0,0,0,0,0,0,0,0,0,0,0,0,0,0,0,0,3,2,0.0,0.0,0.0,0.0,0.67,0.67,0.0,255,2,0.01,0.02,0.0,0.0,0.0,0.0,0.0,0.0,satan,1
tcp,http,S0,0,0,0,0,0,0,0,0,0,0,0,0,0,0,0,0,0,0,10,5,1.0,1.0,0.0,0.0,0.5,0.2,0.0,255,65,0.25,0.02,0.0,0.0,1.0,1.0,0.0,0.0,neptune,20
tcp,time,SF,0,4,0,0,0,0,0,0,0,0,0,0,0,0,0,0,0,0,1,1,0.0,0.0,0.0,0.0,1.0,0.0,0.0,18,2,0.06,1.0,0.06,1.0,0.0,0.0,0.89,0.0,ipsweep,1
tcp,Z39_50,S0,0,0,0,0,0,0,0,0,0,0,0,0,0,0,0,0,0,0,250,7,1.0,1.0,0.0,0.0,0.03,0.06,0.0,255,7,0.03,0.07,0.0,0.0,1.0,1.0,0.0,0.0,neptune,20
tcp,telnet,SF,1412,25260,0,0,0,15,0,1,38,1,0,54,4,1,2,0,0,0,1,1,0.0,0.0,0.0,0.0,1.0,0.0,0.0,1,1,1.0,0.0,1.0,0.0,0.0,0.0,0.0,0.0,multihop,1
tcp,ftp,SF,1020,2201,0,0,0,4,0,1,0,0,0,0,0,0,0,0,0,1,1,1,0.0,0.0,0.0,0.0,1.0,0.0,0.0,255,15,0.06,0.02,0.0,0.0,0.16,0.0,0.0,0.0,warezclient,4
icmp,ecr_i,SF,1032,0,0,0,0,0,0,0,0,0,0,0,0,0,0,0,0,0,199,199,0.0,0.0,0.0,0.0,1.0,0.0,0.0,255,199,0.78,0.01,0.78,0.0,0.0,0.0,0.0,0.0,smurf,18
tcp,private,S0,0,0,0,0,0,0,0,0,0,0,0,0,0,0,0,0,0,0,110,5,1.0,1.0,0.0,0.0,0.05,0.07,0.0,255,14,0.05,0.07,0.0,0.0,1.0,1.0,0.0,0.0,neptune,21
tcp,http,SF,54540,8314,0,0,0,2,0,1,1,0,0,0,0,0,0,0,0,0,2,2,0.0,0.0,0.0,0.0,1.0,0.0,0.0,78,78,1.0,0.0,0.01,0.0,0.0,0.0,0.18,0.18,back,12
tcp,finger,S0,0,0,1,0,0,0,0,0,0,0,0,0,0,0,0,0,0,0,1,2,1.0,1.0,0.0,0.0,1.0,0.0,1.0,1,4,1.0,0.0,1.0,1.0,1.0,1.0,0.0,0.0,normal,1
tcp,finger,SF,6,1405,0,0,0,0,0,0,0,0,0,0,0,0,0,0,0,0,8,2,0.0,0.0,0.0,0.0,0.25,0.62,0.0,152,4,0.03,0.06,0.01,0.0,0.01,0.0,0.0,0.0,satan,1
tcp,http,SF,181,5830,0,0,0,0,0,1,0,0,0,0,0,0,0,0,0,0,1,1,0.0,0.0,0.0,0.0,1.0,0.0,0.0,255,255,1.0,0.0,0.0,0.0,0.01,0.01,0.0,0.0,normal,21
icmp,ecr_i,SF,18,0,0,0,0,0,0,0,0,0,0,0,0,0,0,0,0,0,1,1,0.0,0.0,0.0,0.0,1.0,0.0,0.0,13,13,1.0,0.0,1.0,0.0,0.0,0.0,0.0,0.0,ipsweep,1
icmp,ecr_i,SF,18,0,0,0,0,0,0,0,0,0,0,0,0,0,0,0,0,0,1,1,0.0,0.0,0.0,0.0,1.0,0.0,0.0,16,16,1.0,0.0,1.0,0.0,0.0,0.0,0.0,0.0,ipsweep,1
icmp,ecr_i,SF,18,0,0,0,0,0,0,0,0,0,0,0,0,0,0,0,0,0,1,1,0.0,0.0,0.0,0.0,1.0,0.0,0.0,8,8,1.0,0.0,1.0,0.0,0.0,0.0,0.0,0.0,ipsweep,1
tcp,ftp_data,SF,5891,0,0,0,0,0,0,0,0,0,0,0,0,0,0,0,0,0,17,17,0.0,0.0,0.0,0.0,1.0,0.0,0.0,60,23,0.38,0.08,0.38,0.0,0.0,0.0,0.0,0.0,normal,20
tcp,http,SF,190,1242,0,0,0,0,0,1,0,0,0,0,0,0,0,0,0,0,7,7,0.0,0.0,0.0,0.0,1.0,0.0,0.0,7,255,1.0,0.0,0.14,0.04,0.0,0.0,0.0,0.0,normal,21
tcp,other,SF,334,0,0,0,0,0,0,1,0,0,0,0,0,0,0,0,0,0,1,1,0.0,0.0,0.0,0.0,1.0,0.0,0.0,5,1,0.2,0.4,1.0,0.0,0.0,0.0,0.0,0.0,warezclient,1
tcp,http,SF,300,8875,0,0,0,0,0,1,0,0,0,0,0,0,0,0,0,0,15,27,0.0,0.0,0.0,0.0,1.0,0.0,0.15,42,255,1.0,0.0,0.02,0.06,0.0,0.0,0.0,0.0,normal,21
udp,domain_u,SF,36,0,0,0,0,0,0,0,0,0,0,0,0,0,0,0,0,0,2,4,0.0,0.0,0.0,0.0,1.0,0.0,0.75,67,171,1.0,0.0,1.0,0.01,0.0,0.0,0.0,0.0,normal,21
tcp,ctf,S0,0,0,0,0,0,0,0,0,0,0,0,0,0,0,0,0,0,0,237,2,1.0,1.0,0.0,0.0,0.01,0.05,0.0,255,2,0.01,0.05,0.0,0.0,1.0,1.0,0.0,0.0,neptune,20
tcp,time,SF,0,4,0,0,0,0,0,0,0,0,0,0,0,0,0,0,0,0,1,1,0.0,0.0,0.0,0.0,1.0,0.0,0.0,18,2,0.06,1.0,0.06,1.0,0.0,0.0,0.94,0.0,ipsweep,1
tcp,finger,SF,0,0,0,0,0,0,0,0,0,0,0,0,0,0,0,0,0,0,1,1,0.0,0.0,0.0,0.0,1.0,0.0,0.0,60,4,0.02,1.0,0.02,0.5,0.0,0.0,0.97,0.0,ipsweep,1
tcp,vmnet,S0,0,0,0,0,0,0,0,0,0,0,0,0,0,0,0,0,0,0,205,2,1.0,1.0,0.0,0.0,0.01,0.07,0.0,255,2,0.01,0.08,0.0,0.0,1.0,1.0,0.0,0.0,neptune,20
tcp,ftp,SF,230,644,0,0,0,4,0,1,0,0,0,0,4,0,0,0,0,0,1,1,0.0,0.0,0.0,0.0,1.0,0.0,0.0,4,1,0.25,0.75,0.25,0.0,0.0,0.0,0.0,0.0,loadmodule,1
tcp,ftp_data,SF,12324,0,0,0,0,0,0,0,0,0,0,0,0,0,0,0,0,0,2,2,0.0,0.0,0.0,0.0,1.0,0.0,0.0,255,38,0.15,0.55,0.15,0.0,0.55,0.0,0.0,0.0,normal,17
tcp,auth,SF,10,35,0,0,0,0,0,1,1,0,0,1,0,0,0,0,0,0,2,1,0.0,0.0,0.0,0.0,0.5,1.0,0.0,7,2,0.29,0.57,0.14,0.0,0.0,0.0,0.0,0.0,satan,1
tcp,http,SF,339,6463,0,0,0,0,0,1,0,0,0,0,0,0,0,0,0,0,8,8,0.0,0.0,0.0,0.0,1.0,0.0,0.0,36,255,1.0,0.0,0.03,0.05,0.0,0.0,0.0,0.0,normal,21
tcp,private,S0,0,0,0,0,0,0,0,0,0,0,0,0,0,0,0,0,0,0,184,3,0.58,1.0,0.0,0.0,0.02,0.05,0.0,255,15,0.06,0.07,0.0,0.0,1.0,1.0,0.0,0.0,neptune,19
udp,domain_u,SF,42,67,0,0,0,0,0,0,0,0,0,0,0,0,0,0,0,0,198,197,0.0,0.0,0.0,0.0,0.99,0.01,0.0,255,254,1.0,0.01,0.01,0.0,0.0,0.0,0.0,0.0,normal,18
icmp,ecr_i,SF,18,0,0,0,0,0,0,0,0,0,0,0,0,0,0,0,0,0,1,1,0.0,0.0,0.0,0.0,1.0,0.0,0.0,15,15,1.0,0.0,1.0,0.0,0.0,0.0,0.0,0.0,ipsweep,1
tcp,ftp_data,SF,7045,0,0,0,0,0,0,1,0,0,0,0,0,0,0,0,0,0,3,2,0.0,0.0,0.0,0.0,0.67,0.67,0.0,255,83,0.33,0.07,0.35,0.0,0.02,0.05,0.0,0.0,warezclient,1
tcp,finger,S0,0,0,1,0,0,0,0,0,0,0,0,0,0,0,0,0,0,0,1,2,1.0,1.0,0.0,0.0,1.0,0.0,1.0,1,3,1.0,0.0,1.0,1.0,1.0,1.0,0.0,0.0,normal,1
tcp,smtp,SF,795,335,0,0,0,0,0,1,0,0,0,0,0,0,0,0,0,0,1,1,0.0,0.0,0.0,0.0,1.0,0.0,0.0,4,130,1.0,0.0,0.25,0.02,0.0,0.0,0.0,0.0,normal,21
tcp,http,SF,296,1053,0,0,0,0,0,1,0,0,0,0,0,0,0,0,0,0,26,31,0.0,0.0,0.0,0.0,1.0,0.0,0.16,255,255,1.0,0.0,0.0,0.0,0.0,0.0,0.0,0.0,normal,21
icmp,urp_i,SF,37,0,0,0,0,0,0,0,0,0,0,0,0,0,0,0,0,0,1,1,0.0,0.0,0.0,0.0,1.0,0.0,0.0,4,1,0.25,0.75,0.5,0.0,0.0,0.0,0.0,0.0,satan,1
tcp,http,SF,222,916,0,0,0,0,0,1,0,0,0,0,0,0,0,0,0,0,2,7,0.0,0.0,0.0,0.0,1.0,0.0,0.71,255,255,1.0,0.0,0.0,0.0,0.0,0.0,0.0,0.0,normal,21
tcp,ftp_data,SF,334,0,0,0,0,0,0,1,0,0,0,0,0,0,0,0,0,0,2,2,0.0,0.0,0.0,0.0,1.0,0.0,0.0,4,38,0.5,0.5,0.5,0.16,0.0,0.0,0.0,0.0,warezclient,1
icmp,urp_i,SF,66,0,0,0,0,0,0,0,0,0,0,0,0,0,0,0,0,0,2,1,0.0,0.0,0.0,0.0,0.5,1.0,0.0,255,2,0.01,0.01,0.01,0.0,0.0,0.0,0.0,0.0,normal,19
tcp,ftp_data,SF,832,0,0,0,0,0,0,1,0,0,0,0,0,0,0,0,0,0,2,1,0.0,0.0,0.0,0.0,0.5,1.0,0.0,255,83,0.33,0.07,0.35,0.0,0.02,0.05,0.0,0.0,warezclient,1
tcp,http,S2,164,0,0,0,0,2,0,1,0,0,0,0,0,0,0,0,0,0,1,1,1.0,1.0,0.0,0.0,1.0,0.0,0.0,13,255,1.0,0.0,0.08,0.02,0.08,0.0,0.0,0.0,normal,18
tcp,http,SF,228,1240,0,0,0,0,0,1,0,0,0,0,0,0,0,0,0,0,1,1,0.0,0.0,0.0,0.0,1.0,0.0,0.0,1,254,1.0,0.0,1.0,0.06,0.0,0.0,0.0,0.0,normal,21
tcp,finger,SF,0,0,0,0,0,0,0,0,0,0,0,0,0,0,0,0,0,0,1,1,0.0,0.0,0.0,0.0,1.0,0.0,0.0,60,6,0.02,1.0,0.02,0.33,0.0,0.0,0.9,0.0,ipsweep,1
tcp,telnet,SF,415,70529,0,0,0,3,0,1,4,0,0,4,4,0,0,0,0,0,1,1,0.0,0.0,0.0,0.0,1.0,0.0,0.0,1,1,1.0,0.0,1.0,0.0,0.0,0.0,0.0,0.0,buffer_overflow,1
tcp,private,S0,0,0,0,0,0,0,0,0,0,0,0,0,0,0,0,0,0,0,205,6,1.0,1.0,0.0,0.0,0.03,0.07,0.0,255,6,0.02,0.07,0.0,0.0,1.0,1.0,0.0,0.0,neptune,21
tcp,telnet,SF,137,1351,0,0,0,0,0,1,0,0,0,0,1,0,0,0,0,0,1,1,0.0,0.0,0.0,0.0,1.0,0.0,0.0,2,2,1.0,0.0,0.5,0.0,0.0,0.0,0.0,0.0,buffer_overflow,1
tcp,http,SF,0,0,0,0,0,0,0,1,0,0,0,0,0,0,0,0,0,0,1,1,0.0,0.0,0.0,0.0,1.0,0.0,0.0,61,2,0.02,1.0,0.02,1.0,0.0,0.0,0.89,0.5,ipsweep,1
tcp,finger,SF,0,0,0,0,0,0,0,0,0,0,0,0,0,0,0,0,0,0,1,1,0.0,0.0,0.0,0.0,1.0,0.0,0.0,60,1,0.02,1.0,0.02,0.0,0.0,0.0,0.93,0.0,ipsweep,1
tcp,finger,SF,0,0,0,0,0,0,0,0,0,0,0,0,0,0,0,0,0,0,1,1,0.0,0.0,0.0,0.0,1.0,0.0,0.0,60,9,0.02,1.0,0.02,0.22,0.0,0.0,0.92,0.0,ipsweep,1
tcp,finger,SF,0,0,0,0,0,0,0,0,0,0,0,0,0,0,0,0,0,0,1,1,0.0,0.0,0.0,0.0,1.0,0.0,0.0,60,1,0.02,1.0,0.02,0.0,0.0,0.0,0.9,0.0,ipsweep,1
tcp,exec,S0,0,0,0,0,0,0,0,0,0,0,0,0,0,0,0,0,0,0,133,11,1.0,1.0,0.0,0.0,0.08,0.06,0.0,255,4,0.02,0.07,0.0,0.0,1.0,1.0,0.0,0.0,neptune,20
udp,domain_u,SF,43,125,0,0,0,0,0,0,0,0,0,0,0,0,0,0,0,0,79,158,0.0,0.0,0.0,0.0,0.97,0.04,0.01,255,242,0.95,0.01,0.0,0.0,0.0,0.0,0.0,0.0,normal,19
tcp,http,SF,54540,8314,0,0,0,2,0,1,1,0,0,0,0,0,0,0,0,0,1,1,0.0,0.0,0.0,0.0,1.0,0.0,0.0,203,203,1.0,0.0,0.0,0.0,0.0,0.0,0.01,0.01,back,11
tcp,http,SF,229,3284,0,0,0,0,0,1,0,0,0,0,0,0,0,0,0,0,15,24,0.0,0.0,0.0,0.0,1.0,0.0,0.08,29,255,1.0,0.0,0.03,0.04,0.0,0.0,0.0,0.0,normal,21
tcp,http,SF,299,3200,0,0,0,0,0,1,0,0,0,0,0,0,0,0,0,0,21,21,0.0,0.0,0.0,0.0,1.0,0.0,0.0,255,255,1.0,0.0,0.0,0.0,0.0,0.0,0.0,0.0,normal,21
tcp,private,S0,0,0,0,0,0,0,0,0,0,0,0,0,0,0,0,0,0,0,150,16,1.0,1.0,0.0,0.0,0.11,0.05,0.0,255,16,0.06,0.06,0.0,0.0,1.0,1.0,0.0,0.0,neptune,21
icmp,eco_i,SF,8,0,0,0,0,0,0,0,0,0,0,0,0,0,0,0,0,0,1,1,0.0,0.0,0.0,0.0,1.0,0.0,0.0,4,2,0.5,0.75,0.5,0.0,0.0,0.0,0.0,0.0,nmap,6
tcp,http,SF,321,3200,0,0,0,0,0,1,0,0,0,0,0,0,0,0,0,0,5,13,0.0,0.0,0.0,0.0,1.0,0.0,0.15,6,255,1.0,0.0,0.17,0.01,0.0,0.0,0.0,0.0,normal,21
tcp,http,SF,51,8127,0,0,0,2,0,1,0,1,0,0,0,0,1,0,0,0,1,2,0.0,0.0,0.0,0.5,1.0,0.0,1.0,255,255,1.0,0.0,0.0,0.0,0.0,0.0,0.0,0.0,phf,1
icmp,ecr_i,SF,18,0,0,0,0,0,0,0,0,0,0,0,0,0,0,0,0,0,1,1,0.0,0.0,0.0,0.0,1.0,0.0,0.0,12,12,1.0,0.0,1.0,0.0,0.0,0.0,0.0,0.0,ipsweep,1
tcp,http,SF,238,294,0,0,0,0,0,1,0,0,0,0,0,0,0,0,0,0,15,26,0.0,0.0,0.0,0.0,1.0,0.0,0.08,255,255,1.0,0.0,0.0,0.0,0.0,0.0,0.0,0.0,normal,21
tcp,kshell,S0,0,0,0,0,0,0,0,0,0,0,0,0,0,0,0,0,0,0,26,10,1.0,1.0,0.0,0.0,0.38,0.12,0.0,255,10,0.04,0.07,0.0,0.0,1.0,1.0,0.0,0.0,neptune,19
tcp,finger,SF,0,0,0,0,0,0,0,0,0,0,0,0,0,0,0,0,0,0,1,1,0.0,0.0,0.0,0.0,1.0,0.0,0.0,60,7,0.02,1.0,0.02,0.43,0.0,0.0,0.92,0.0,ipsweep,1
icmp,ecr_i,SF,1032,0,0,0,0,0,0,0,0,0,0,0,0,0,0,0,0,0,511,511,0.0,0.0,0.0,0.0,1.0,0.0,0.0,255,132,0.52,0.02,0.52,0.0,0.01,0.0,0.02,0.0,smurf,20
tcp,finger,S0,0,0,1,0,0,0,0,0,0,0,0,0,0,0,0,0,0,0,1,2,1.0,1.0,0.0,0.0,1.0,0.0,1.0,1,5,1.0,0.0,1.0,1.0,1.0,1.0,0.0,0.0,normal,1
tcp,smtp,SF,1361,328,0,0,0,0,0,1,0,0,0,0,0,0,0,0,0,0,1,2,0.0,0.0,0.0,0.0,1.0,0.0,1.0,62,170,0.95,0.03,0.02,0.01,0.0,0.0,0.0,0.0,normal,21
